1,0,97.12,153.04,100.47,89.59,0.8634,-1,-1,-1
1,1,380.49,335.17,98.85,86.89,0.8178,-1,-1,-1
1,3,751.48,98.51,104.89,85.74,0.9498,-1,-1,-1
1,4,831.86,280.82,101.47,83.94,0.9200,-1,-1,-1
1,5,1090.52,446.08,100.13,81.31,0.7446,-1,-1,-1
1,6,1229.28,136.34,102.00,86.01,0.8360,-1,-1,-1
1,7,1443.13,258.04,104.89,83.11,0.9744,-1,-1,-1
2,0,58.34,207.03,101.83,85.81,0.7885,-1,-1,-1
2,1,261.37,256.56,100.53,84.02,0.7518,-1,-1,-1
2,2,547.04,511.51,102.26,88.30,0.9448,-1,-1,-1
2,3,768.79,159.88,98.27,81.56,0.9764,-1,-1,-1
2,4,881.14,249.59,103.46,82.77,0.9347,-1,-1,-1
2,5,1149.00,482.41,98.84,89.68,0.9300,-1,-1,-1
2,6,1298.11,179.86,102.63,84.63,0.8049,-1,-1,-1
2,7,1449.72,294.54,100.61,90.26,0.9413,-1,-1,-1
3,0,179.02,126.53,103.78,90.55,0.9539,-1,-1,-1
3,1,320.80,318.85,102.63,88.87,0.9400,-1,-1,-1
3,2,439.60,426.47,102.03,81.53,0.8569,-1,-1,-1
3,4,872.43,317.19,102.98,87.54,0.9056,-1,-1,-1
3,5,943.90,364.71,103.58,87.99,0.8621,-1,-1,-1
3,6,1324.73,123.39,104.69,89.37,0.9766,-1,-1,-1
3,7,1439.81,255.78,103.70,87.91,0.9306,-1,-1,-1
4,1,295.74,326.22,102.86,86.13,0.8789,-1,-1,-1
4,2,469.39,466.85,102.29,90.81,0.8252,-1,-1,-1
4,3,638.48,128.68,101.52,85.99,0.7859,-1,-1,-1
4,4,938.68,272.50,104.29,89.23,0.8175,-1,-1,-1
4,5,1097.31,479.75,103.34,90.21,0.8878,-1,-1,-1
4,6,1287.31,151.42,104.24,87.51,0.9213,-1,-1,-1
4,7,1553.14,349.67,104.20,86.67,0.8144,-1,-1,-1
4,8,201.08,161.17,61.14,137.30,0.6456,-1,-1,-1
5,1,370.13,259.64,98.43,90.70,0.8474,-1,-1,-1
5,2,472.72,448.52,100.71,89.67,0.9238,-1,-1,-1
5,3,686.87,153.89,103.90,88.34,0.8970,-1,-1,-1
5,4,883.01,247.23,101.61,86.61,0.8684,-1,-1,-1
5,7,1521.16,281.17,101.71,84.14,0.8085,-1,-1,-1
6,0,220.64,193.39,100.49,91.42,0.8500,-1,-1,-1
6,1,369.95,302.57,103.85,85.41,0.9759,-1,-1,-1
6,2,498.86,393.67,99.37,90.08,0.8544,-1,-1,-1
6,3,750.67,148.57,100.75,87.18,0.8325,-1,-1,-1
6,4,943.87,287.12,105.58,87.23,0.8351,-1,-1,-1
6,5,1084.68,394.59,99.38,85.80,0.7085,-1,-1,-1
6,6,1324.61,146.13,103.27,88.42,0.8004,-1,-1,-1
6,7,1434.86,308.96,107.92,84.94,0.8911,-1,-1,-1
7,1,408.22,288.68,102.63,82.82,0.9457,-1,-1,-1
7,2,606.23,375.44,102.96,84.64,0.7556,-1,-1,-1
7,3,802.36,74.21,105.21,84.55,0.7249,-1,-1,-1
7,4,920.29,248.70,101.25,86.78,0.8614,-1,-1,-1
7,5,1154.00,388.60,101.42,92.30,0.8686,-1,-1,-1
7,7,1559.09,304.77,97.23,82.87,0.7628,-1,-1,-1
7,9,46.62,688.99,58.93,106.81,0.7066,-1,-1,-1
8,0,74.32,149.91,108.95,85.81,0.8553,-1,-1,-1
8,1,312.69,322.61,101.13,85.81,0.9269,-1,-1,-1
8,2,623.53,425.65,97.90,84.61,0.8620,-1,-1,-1
8,3,707.54,175.96,98.71,87.55,0.8921,-1,-1,-1
8,4,822.72,196.61,101.11,90.17,0.8138,-1,-1,-1
8,5,1206.32,434.35,101.65,88.49,0.7899,-1,-1,-1
8,6,1397.43,97.05,100.90,88.75,0.9364,-1,-1,-1
8,7,1561.71,296.02,101.34,84.04,0.7506,-1,-1,-1
9,0,151.45,171.20,103.66,89.13,0.9177,-1,-1,-1
9,1,300.77,268.83,105.32,87.30,0.7648,-1,-1,-1
9,2,503.00,406.19,101.83,84.26,0.8045,-1,-1,-1
9,3,717.97,78.29,100.29,86.98,0.8094,-1,-1,-1
9,4,946.42,303.04,99.45,84.13,0.8569,-1,-1,-1
9,5,1162.14,407.41,98.69,82.52,0.8631,-1,-1,-1
9,6,1238.88,191.12,100.80,87.32,0.9781,-1,-1,-1
10,0,104.67,170.26,101.55,83.52,0.8131,-1,-1,-1
10,1,334.82,305.41,103.04,84.81,0.8906,-1,-1,-1
10,2,504.02,430.95,101.79,91.73,0.7073,-1,-1,-1
10,3,762.65,105.76,98.69,90.94,0.7255,-1,-1,-1
10,4,1018.58,319.35,101.56,85.58,0.7094,-1,-1,-1
10,5,1111.00,437.99,99.02,88.45,0.7860,-1,-1,-1
10,6,1319.59,170.88,102.57,87.27,0.8607,-1,-1,-1
10,7,1558.47,245.96,103.67,84.00,0.9436,-1,-1,-1
11,0,73.90,113.75,102.34,87.40,0.7732,-1,-1,-1
11,2,536.85,418.72,102.90,83.56,0.9135,-1,-1,-1
11,4,873.52,278.55,102.74,88.44,0.7244,-1,-1,-1
11,10,1058.78,462.57,105.18,83.95,0.8095,-1,-1,-1
11,6,1339.76,156.51,104.33,86.75,0.7943,-1,-1,-1
11,7,1305.60,231.09,102.31,85.67,0.8779,-1,-1,-1
11,11,74.05,518.59,69.88,89.02,0.7979,-1,-1,-1
12,0,102.30,167.24,101.55,88.71,0.8112,-1,-1,-1
12,1,372.39,286.66,105.02,84.55,0.8126,-1,-1,-1
12,2,583.19,368.85,100.86,91.23,0.7066,-1,-1,-1
12,3,632.07,127.94,101.78,92.69,0.9892,-1,-1,-1
12,4,933.44,246.57,108.38,84.40,0.7497,-1,-1,-1
12,10,1112.57,462.50,101.42,87.71,0.7387,-1,-1,-1
12,6,1192.36,188.85,103.93,84.26,0.7760,-1,-1,-1
12,7,1363.52,283.01,99.43,89.02,0.8635,-1,-1,-1
13,0,116.26,137.26,100.46,88.31,0.7147,-1,-1,-1
13,1,338.56,229.85,100.71,86.99,0.7680,-1,-1,-1
13,2,547.00,421.83,102.42,87.68,0.9267,-1,-1,-1
13,3,754.61,109.38,98.48,87.38,0.9764,-1,-1,-1
13,4,804.08,322.90,100.07,83.79,0.7825,-1,-1,-1
13,10,1215.33,471.36,105.48,83.58,0.9666,-1,-1,-1
13,6,1357.32,172.61,104.68,87.20,0.8936,-1,-1,-1
13,7,1515.31,297.28,102.23,85.12,0.8609,-1,-1,-1
14,0,202.20,172.91,99.32,84.92,0.9806,-1,-1,-1
14,1,301.26,285.14,102.75,91.72,0.8831,-1,-1,-1
14,2,456.87,461.48,101.07,87.84,0.7225,-1,-1,-1
14,3,708.05,147.87,106.08,89.41,0.8444,-1,-1,-1
14,4,874.99,286.22,105.50,87.95,0.8897,-1,-1,-1
14,10,1160.84,472.90,104.07,84.12,0.7096,-1,-1,-1
14,6,1283.60,128.15,102.54,87.44,0.8776,-1,-1,-1
14,7,1429.33,287.99,99.88,84.20,0.8926,-1,-1,-1
15,0,173.27,128.99,101.99,89.53,0.8563,-1,-1,-1
15,1,379.70,282.85,104.47,90.46,0.7237,-1,-1,-1
15,3,814.15,163.44,105.13,86.82,0.7565,-1,-1,-1
15,4,889.65,342.77,101.08,89.21,0.9381,-1,-1,-1
15,10,1068.35,483.73,106.60,84.04,0.9011,-1,-1,-1
15,6,1260.40,206.58,104.48,81.88,0.9501,-1,-1,-1
15,7,1609.87,265.03,107.05,81.61,0.9230,-1,-1,-1
16,12,175.40,93.41,100.16,89.55,0.9476,-1,-1,-1
16,1,401.74,305.52,100.98,86.26,0.9628,-1,-1,-1
16,2,462.99,449.04,104.33,84.42,0.9337,-1,-1,-1
16,3,745.38,129.31,105.66,84.62,0.8377,-1,-1,-1
16,4,886.67,271.96,104.98,83.12,0.9812,-1,-1,-1
16,10,1057.89,434.53,104.75,85.79,0.9809,-1,-1,-1
16,6,1324.48,168.87,104.54,85.15,0.9716,-1,-1,-1
16,7,1434.70,270.41,99.57,85.30,0.9043,-1,-1,-1
17,12,156.74,99.03,102.06,86.15,0.8598,-1,-1,-1
17,1,314.73,265.51,103.80,86.41,0.9864,-1,-1,-1
17,2,528.67,467.38,101.37,83.69,0.8424,-1,-1,-1
17,3,866.87,173.36,101.32,92.59,0.8218,-1,-1,-1
17,4,993.76,300.16,103.25,86.09,0.7511,-1,-1,-1
17,10,1179.32,444.44,98.66,84.23,0.8395,-1,-1,-1
17,6,1345.03,178.84,102.45,89.09,0.9454,-1,-1,-1
18,12,128.85,119.72,101.70,87.67,0.9548,-1,-1,-1
18,1,373.77,261.94,100.24,84.18,0.7037,-1,-1,-1
18,2,582.40,414.01,103.29,85.59,0.7474,-1,-1,-1
18,3,756.07,134.86,105.96,83.57,0.9331,-1,-1,-1
18,4,953.39,298.38,95.55,84.86,0.9294,-1,-1,-1
18,10,1156.58,463.05,100.12,82.69,0.9369,-1,-1,-1
18,6,1326.75,166.36,103.22,86.76,0.8030,-1,-1,-1
18,7,1552.50,252.18,100.60,90.66,0.7234,-1,-1,-1
18,13,1268.15,524.83,87.67,158.68,0.5444,-1,-1,-1
19,12,106.16,145.62,102.15,91.21,0.9308,-1,-1,-1
19,1,258.56,243.47,99.45,86.71,0.9151,-1,-1,-1
19,3,777.80,151.58,102.33,86.96,0.7747,-1,-1,-1
19,4,899.18,303.10,97.93,86.06,0.7946,-1,-1,-1
19,10,1094.61,404.38,98.96,85.35,0.7052,-1,-1,-1
19,6,1445.96,164.67,101.83,84.30,0.8311,-1,-1,-1
19,7,1570.55,214.74,99.22,87.91,0.8208,-1,-1,-1
20,12,114.14,136.49,102.59,85.21,0.9774,-1,-1,-1
20,1,364.81,301.33,105.33,85.36,0.8207,-1,-1,-1
20,2,403.61,414.77,100.77,87.74,0.9708,-1,-1,-1
20,3,643.92,128.96,106.27,88.34,0.7947,-1,-1,-1
20,4,894.73,333.45,103.56,87.89,0.7129,-1,-1,-1
20,10,1058.43,430.28,102.62,82.44,0.9851,-1,-1,-1
20,6,1253.19,156.18,104.25,87.94,0.9295,-1,-1,-1
20,7,1527.76,314.82,104.03,89.27,0.8406,-1,-1,-1
21,12,148.22,160.95,97.84,85.35,0.7753,-1,-1,-1
21,1,287.06,278.66,98.50,86.31,0.9107,-1,-1,-1
21,2,680.94,469.24,103.85,82.12,0.8110,-1,-1,-1
21,3,574.90,206.38,103.95,85.27,0.8475,-1,-1,-1
21,4,1007.38,320.40,103.69,89.57,0.7960,-1,-1,-1
21,10,1084.54,428.35,101.63,87.02,0.8071,-1,-1,-1
21,6,1190.93,156.06,104.12,83.49,0.8390,-1,-1,-1
22,12,210.20,125.45,103.42,80.73,0.8323,-1,-1,-1
22,1,410.25,226.96,94.74,86.98,0.8132,-1,-1,-1
22,2,416.14,425.00,101.83,88.22,0.8442,-1,-1,-1
22,3,695.46,197.55,102.35,83.81,0.7834,-1,-1,-1
22,4,886.64,306.70,99.93,83.19,0.8142,-1,-1,-1
22,6,1250.29,165.90,99.16,80.07,0.8188,-1,-1,-1
22,7,1412.53,253.83,99.01,87.26,0.9742,-1,-1,-1
23,12,53.37,138.47,100.50,89.98,0.8920,-1,-1,-1
23,1,458.44,258.93,100.00,84.98,0.8995,-1,-1,-1
23,2,518.95,440.88,103.21,86.97,0.7107,-1,-1,-1
23,3,807.91,130.75,102.73,85.98,0.7126,-1,-1,-1
23,4,810.10,316.12,99.11,89.95,0.7047,-1,-1,-1
23,10,1027.04,503.28,103.93,87.52,0.9179,-1,-1,-1
23,6,1344.75,137.85,105.84,86.42,0.8829,-1,-1,-1
23,7,1588.07,283.81,101.13,83.09,0.8581,-1,-1,-1
24,12,80.83,53.35,103.53,85.94,0.7789,-1,-1,-1
24,1,308.20,265.65,100.60,81.63,0.9790,-1,-1,-1
24,2,466.82,466.62,103.14,87.56,0.9351,-1,-1,-1
24,3,706.16,143.75,105.16,86.99,0.7864,-1,-1,-1
24,4,842.95,245.06,104.96,89.72,0.9508,-1,-1,-1
24,10,1046.37,419.32,109.69,87.65,0.8289,-1,-1,-1
24,6,1355.90,129.31,100.27,90.82,0.7877,-1,-1,-1
24,7,1549.35,221.30,103.61,84.02,0.7251,-1,-1,-1
25,12,266.47,188.44,98.22,86.13,0.8508,-1,-1,-1
25,1,356.11,317.44,101.11,86.42,0.9729,-1,-1,-1
25,2,630.37,444.54,103.10,85.76,0.7511,-1,-1,-1
25,3,771.02,156.40,102.50,87.54,0.8202,-1,-1,-1
25,4,895.72,296.02,103.19,86.02,0.9094,-1,-1,-1
25,6,1247.58,89.22,100.40,88.29,0.8650,-1,-1,-1
25,7,1598.64,291.18,101.85,86.94,0.8556,-1,-1,-1
26,12,151.44,118.99,104.12,87.58,0.8714,-1,-1,-1
26,1,411.97,353.76,104.09,89.18,0.8498,-1,-1,-1
26,2,582.18,428.70,102.57,85.80,0.7625,-1,-1,-1
26,3,701.50,197.37,104.04,88.89,0.9083,-1,-1,-1
26,4,902.56,253.05,98.17,87.82,0.7432,-1,-1,-1
26,14,1152.63,389.29,104.42,91.21,0.7805,-1,-1,-1
26,6,1342.06,151.73,102.63,91.85,0.9535,-1,-1,-1
26,7,1561.60,291.67,104.41,90.03,0.7985,-1,-1,-1
27,12,274.52,113.15,99.77,89.91,0.9407,-1,-1,-1
27,1,391.61,263.65,102.81,85.27,0.8169,-1,-1,-1
27,2,686.30,501.58,102.86,86.88,0.8267,-1,-1,-1
27,15,774.47,183.21,101.21,85.68,0.9618,-1,-1,-1
27,4,911.77,324.58,99.60,89.20,0.9398,-1,-1,-1
27,14,1078.73,457.31,104.15,83.88,0.8008,-1,-1,-1
27,6,1274.88,108.71,101.75,88.08,0.8954,-1,-1,-1
27,7,1568.77,253.09,105.11,84.56,0.8693,-1,-1,-1
28,12,220.46,193.33,102.86,89.10,0.8510,-1,-1,-1
28,1,277.74,355.15,102.77,90.76,0.9793,-1,-1,-1
28,2,551.83,411.62,103.58,89.08,0.9522,-1,-1,-1
28,15,711.18,176.16,103.97,88.52,0.7854,-1,-1,-1
28,4,1029.91,268.32,107.69,91.63,0.9119,-1,-1,-1
28,16,1245.36,414.13,101.49,83.22,0.8706,-1,-1,-1
28,7,1554.16,307.16,103.72,87.01,0.9555,-1,-1,-1
29,12,209.50,201.81,108.71,91.10,0.7643,-1,-1,-1
29,1,392.66,263.65,102.36,85.03,0.8467,-1,-1,-1
29,15,794.51,147.76,101.37,85.46,0.8894,-1,-1,-1
29,4,870.08,240.26,102.19,87.42,0.7372,-1,-1,-1
29,16,1086.34,447.52,101.65,80.09,0.7892,-1,-1,-1
29,7,1598.37,261.52,104.94,87.79,0.7300,-1,-1,-1
30,12,132.61,164.23,103.33,90.90,0.8654,-1,-1,-1
30,1,263.44,325.62,100.82,81.00,0.8877,-1,-1,-1
30,2,428.32,433.91,105.09,86.02,0.7076,-1,-1,-1
30,15,686.76,152.55,99.91,89.58,0.9789,-1,-1,-1
30,4,883.87,242.75,99.24,85.92,0.8577,-1,-1,-1
30,16,1141.86,415.49,99.39,87.19,0.8661,-1,-1,-1
30,6,1279.84,158.35,103.20,85.61,0.8125,-1,-1,-1
30,7,1616.09,276.20,103.78,89.57,0.7219,-1,-1,-1
31,12,106.94,97.37,102.71,85.56,0.9331,-1,-1,-1
31,1,362.32,263.80,104.48,84.90,0.9630,-1,-1,-1
31,2,487.25,498.28,105.50,85.18,0.8607,-1,-1,-1
31,15,775.77,155.02,104.13,81.42,0.9658,-1,-1,-1
31,4,889.37,291.16,107.30,87.45,0.7417,-1,-1,-1
31,16,1129.61,460.67,100.91,89.83,0.9526,-1,-1,-1
31,6,1259.80,179.81,103.53,92.56,0.8950,-1,-1,-1
31,7,1456.06,264.79,101.94,82.84,0.9423,-1,-1,-1
32,12,58.05,185.95,104.23,90.05,0.8631,-1,-1,-1
32,15,741.02,107.63,102.96,88.16,0.9119,-1,-1,-1
32,4,920.66,372.41,103.62,82.64,0.7798,-1,-1,-1
32,16,1110.19,374.02,103.55,85.24,0.7543,-1,-1,-1
32,7,1491.90,312.15,100.71,85.58,0.7578,-1,-1,-1
33,12,44.88,192.93,106.41,88.17,0.7026,-1,-1,-1
33,1,335.56,321.29,97.74,89.42,0.7655,-1,-1,-1
33,2,540.79,410.07,98.07,86.45,0.7503,-1,-1,-1
33,15,784.16,167.69,102.77,85.99,0.8141,-1,-1,-1
33,4,863.93,257.08,101.74,86.18,0.9461,-1,-1,-1
33,16,1125.14,413.57,105.64,87.89,0.7874,-1,-1,-1
33,6,1290.35,133.07,104.76,86.65,0.8857,-1,-1,-1
33,7,1515.13,238.37,102.28,89.76,0.8960,-1,-1,-1
34,12,147.76,137.96,103.18,92.37,0.7601,-1,-1,-1
34,15,660.46,160.87,107.17,86.49,0.7069,-1,-1,-1
34,16,1162.13,399.38,99.42,86.11,0.9202,-1,-1,-1
34,6,1257.66,109.13,102.28,86.01,0.8196,-1,-1,-1
34,7,1388.08,301.07,101.12,84.89,0.9470,-1,-1,-1
35,12,269.68,179.43,97.15,83.53,0.7746,-1,-1,-1
35,1,321.14,284.64,101.65,85.53,0.7746,-1,-1,-1
35,2,554.85,429.05,104.62,86.00,0.8050,-1,-1,-1
35,15,684.44,130.70,102.09,85.74,0.7145,-1,-1,-1
35,4,929.79,258.70,102.91,88.04,0.7795,-1,-1,-1
35,16,1197.99,411.20,102.58,83.76,0.9245,-1,-1,-1
35,7,1620.68,230.07,101.76,85.65,0.7568,-1,-1,-1
36,12,82.62,118.74,101.18,90.48,0.8970,-1,-1,-1
36,1,249.53,312.13,106.74,85.08,0.9176,-1,-1,-1
36,2,549.28,415.12,104.03,87.53,0.8138,-1,-1,-1
36,4,1055.39,255.49,97.19,85.38,0.9571,-1,-1,-1
36,16,1095.17,445.33,101.49,86.45,0.7859,-1,-1,-1
36,6,1338.22,162.30,104.68,84.25,0.9880,-1,-1,-1
36,7,1549.08,286.14,104.27,87.96,0.8539,-1,-1,-1
37,12,112.12,133.89,105.15,86.40,0.7479,-1,-1,-1
37,1,399.16,296.32,107.84,90.14,0.7826,-1,-1,-1
37,2,536.84,439.14,97.94,86.15,0.8251,-1,-1,-1
37,15,859.15,173.88,100.18,86.56,0.8194,-1,-1,-1
37,4,1012.09,265.76,100.31,91.94,0.7315,-1,-1,-1
37,16,1070.55,417.62,102.57,88.04,0.7694,-1,-1,-1
37,6,1341.49,126.33,103.45,85.74,0.9448,-1,-1,-1
37,7,1543.61,336.72,103.72,84.87,0.7427,-1,-1,-1
38,12,202.44,185.94,102.52,87.52,0.7901,-1,-1,-1
38,1,372.52,308.98,100.27,87.90,0.7658,-1,-1,-1
38,2,529.97,423.94,101.97,88.97,0.9860,-1,-1,-1
38,15,833.62,111.67,101.42,85.14,0.9376,-1,-1,-1
38,4,819.48,259.01,99.44,89.74,0.9700,-1,-1,-1
38,16,1278.69,414.71,101.05,86.80,0.9739,-1,-1,-1
38,6,1369.74,162.22,102.24,84.73,0.9495,-1,-1,-1
39,12,187.35,157.52,105.56,89.16,0.8323,-1,-1,-1
39,1,471.17,294.95,107.48,88.61,0.7661,-1,-1,-1
39,2,544.42,461.43,99.95,85.88,0.7075,-1,-1,-1
39,15,737.08,121.08,101.57,88.17,0.9467,-1,-1,-1
39,4,989.10,292.28,103.97,84.34,0.7079,-1,-1,-1
39,6,1291.00,147.74,103.72,86.66,0.8668,-1,-1,-1
39,7,1502.43,235.52,98.48,85.19,0.7296,-1,-1,-1
40,12,230.97,198.33,100.76,85.17,0.9480,-1,-1,-1
40,1,243.62,322.69,102.58,83.40,0.7812,-1,-1,-1
40,2,521.34,413.38,100.35,85.38,0.8287,-1,-1,-1
40,15,722.45,142.93,104.25,84.98,0.9407,-1,-1,-1
40,4,934.85,340.62,97.99,86.98,0.7403,-1,-1,-1
40,16,1166.71,479.36,99.94,82.58,0.9730,-1,-1,-1
40,6,1187.24,140.47,97.97,88.97,0.7131,-1,-1,-1
40,7,1440.77,330.04,102.53,87.96,0.8369,-1,-1,-1
41,12,125.76,103.59,106.17,89.60,0.9869,-1,-1,-1
41,1,346.15,314.63,96.96,86.93,0.8121,-1,-1,-1
41,4,906.67,230.98,103.74,84.80,0.9319,-1,-1,-1
41,16,1077.62,402.80,104.47,81.89,0.9282,-1,-1,-1
41,6,1365.95,174.06,104.32,88.01,0.7159,-1,-1,-1
41,7,1438.24,307.63,102.01,88.20,0.8550,-1,-1,-1
42,17,224.24,194.08,102.41,83.74,0.8226,-1,-1,-1
42,1,334.14,285.41,100.97,89.42,0.8518,-1,-1,-1
42,15,778.59,158.11,101.24,87.17,0.9237,-1,-1,-1
42,4,987.97,336.62,104.16,83.10,0.7466,-1,-1,-1
42,16,1125.79,403.04,99.92,81.47,0.9783,-1,-1,-1
42,6,1302.81,242.97,100.26,84.05,0.8758,-1,-1,-1
42,7,1583.86,252.83,101.13,87.32,0.9499,-1,-1,-1
43,17,237.94,140.28,105.68,89.27,0.8009,-1,-1,-1
43,1,354.56,272.70,99.92,88.75,0.8346,-1,-1,-1
43,18,559.27,462.60,102.65,91.20,0.7723,-1,-1,-1
43,15,647.84,64.73,100.87,87.24,0.7721,-1,-1,-1
43,4,913.21,261.77,102.31,86.51,0.9194,-1,-1,-1
43,6,1225.04,153.49,97.64,91.44,0.8209,-1,-1,-1
43,7,1522.07,268.61,97.04,95.04,0.7056,-1,-1,-1
43,19,1098.65,284.68,53.42,141.98,0.7548,-1,-1,-1
44,17,152.65,146.72,106.34,88.47,0.8074,-1,-1,-1
44,1,407.66,234.87,102.39,86.04,0.8965,-1,-1,-1
44,18,556.73,390.30,97.29,89.82,0.7557,-1,-1,-1
44,15,740.09,168.31,102.73,84.29,0.7757,-1,-1,-1
44,4,874.30,314.99,98.27,83.16,0.7645,-1,-1,-1
44,16,1162.59,480.51,102.03,87.59,0.7073,-1,-1,-1
44,6,1266.34,156.15,106.03,85.54,0.8044,-1,-1,-1
44,7,1612.61,310.15,102.87,86.63,0.7404,-1,-1,-1
45,17,100.97,125.17,102.23,87.35,0.8847,-1,-1,-1
45,1,328.06,338.64,102.68,86.61,0.8658,-1,-1,-1
45,18,504.45,398.15,100.59,83.14,0.9724,-1,-1,-1
45,20,770.24,59.91,99.19,88.79,0.9038,-1,-1,-1
45,4,892.57,274.82,97.82,86.95,0.7846,-1,-1,-1
45,16,1167.33,404.74,103.55,87.55,0.9248,-1,-1,-1
45,6,1381.29,150.63,99.26,87.80,0.9692,-1,-1,-1
45,7,1543.38,328.98,102.99,87.65,0.8223,-1,-1,-1
46,17,289.51,71.40,100.68,89.24,0.8958,-1,-1,-1
46,1,398.68,222.87,102.41,84.50,0.9441,-1,-1,-1
46,18,578.52,478.15,104.19,86.64,0.7085,-1,-1,-1
46,20,693.42,107.64,100.62,86.65,0.7709,-1,-1,-1
46,4,936.25,249.67,105.93,88.64,0.8187,-1,-1,-1
46,16,1147.44,468.19,105.50,92.26,0.9839,-1,-1,-1
46,6,1328.22,142.83,100.88,85.52,0.7996,-1,-1,-1
46,7,1508.65,250.73,101.54,83.44,0.7279,-1,-1,-1
47,17,144.64,113.72,102.91,81.39,0.7532,-1,-1,-1
47,1,309.73,276.82,106.13,86.14,0.8418,-1,-1,-1
47,18,521.50,406.75,99.68,87.41,0.7513,-1,-1,-1
47,21,799.30,125.34,101.98,82.69,0.8675,-1,-1,-1
47,4,874.72,287.94,101.09,83.42,0.7439,-1,-1,-1
47,16,1147.38,442.66,106.27,88.15,0.9844,-1,-1,-1
47,6,1309.42,112.74,102.84,88.79,0.7736,-1,-1,-1
47,7,1565.83,341.15,109.29,87.62,0.8578,-1,-1,-1
47,22,632.04,496.47,96.15,125.70,0.7236,-1,-1,-1
48,17,169.12,128.67,104.28,85.35,0.7098,-1,-1,-1
48,1,211.42,323.36,103.67,90.39,0.7576,-1,-1,-1
48,21,742.74,74.81,104.84,91.57,0.9389,-1,-1,-1
48,4,941.65,359.41,103.02,89.96,0.7356,-1,-1,-1
48,16,1177.99,404.52,102.27,86.91,0.8994,-1,-1,-1
48,6,1430.13,177.43,100.11,82.96,0.9425,-1,-1,-1
48,7,1558.56,243.18,103.44,86.34,0.7202,-1,-1,-1
49,17,218.78,144.90,103.85,88.47,0.7765,-1,-1,-1
49,1,307.11,262.81,101.00,86.17,0.8354,-1,-1,-1
49,18,616.07,400.18,103.57,90.09,0.8529,-1,-1,-1
49,21,745.02,164.05,103.48,83.42,0.8759,-1,-1,-1
49,4,1028.97,331.54,98.30,88.79,0.9674,-1,-1,-1
49,16,1049.82,425.96,101.35,88.96,0.9844,-1,-1,-1
49,6,1264.27,93.85,107.25,85.50,0.9224,-1,-1,-1
49,7,1602.63,288.35,105.45,88.51,0.9771,-1,-1,-1
50,17,201.46,128.44,104.59,88.67,0.9171,-1,-1,-1
50,1,427.06,253.95,103.98,89.58,0.9692,-1,-1,-1
50,18,498.30,407.81,99.59,92.52,0.8048,-1,-1,-1
50,21,556.98,104.24,104.22,83.64,0.9144,-1,-1,-1
50,16,981.73,396.77,99.36,83.76,0.9477,-1,-1,-1
50,6,1215.33,177.20,105.85,88.41,0.9171,-1,-1,-1
50,23,1430.49,282.27,101.63,87.00,0.8339,-1,-1,-1
51,17,124.76,90.28,98.74,81.78,0.9156,-1,-1,-1
51,18,501.78,409.06,102.51,87.27,0.8774,-1,-1,-1
51,21,699.81,170.24,104.43,85.52,0.7431,-1,-1,-1
51,4,984.73,252.82,100.49,87.74,0.9523,-1,-1,-1
51,16,1180.93,437.70,102.00,87.11,0.7605,-1,-1,-1
51,6,1283.24,111.58,101.71,83.67,0.7412,-1,-1,-1
51,23,1391.92,291.81,102.34,83.80,0.9610,-1,-1,-1
52,17,253.68,143.22,103.36,89.56,0.9573,-1,-1,-1
52,1,341.03,290.32,102.82,83.71,0.7590,-1,-1,-1
52,18,489.62,386.79,99.37,87.27,0.7201,-1,-1,-1
52,21,760.00,184.43,102.32,85.40,0.8645,-1,-1,-1
52,24,880.00,292.84,101.70,83.27,0.8964,-1,-1,-1
52,16,1184.45,437.80,102.86,88.47,0.9578,-1,-1,-1
52,6,1324.73,132.19,102.81,87.16,0.9476,-1,-1,-1
52,25,1574.03,283.41,100.01,81.04,0.8375,-1,-1,-1
53,17,108.57,166.78,103.20,87.78,0.9826,-1,-1,-1
53,1,336.08,253.09,100.22,87.84,0.8374,-1,-1,-1
53,18,408.33,473.92,103.20,86.01,0.9414,-1,-1,-1
53,21,740.73,156.43,104.08,89.15,0.8355,-1,-1,-1
53,24,857.57,264.11,99.72,85.64,0.8029,-1,-1,-1
53,16,1026.33,472.86,102.46,88.63,0.8082,-1,-1,-1
53,6,1328.83,88.10,101.40,88.68,0.9121,-1,-1,-1
53,25,1446.57,212.16,101.58,92.14,0.8034,-1,-1,-1
54,1,210.65,243.07,98.32,84.50,0.8254,-1,-1,-1
54,21,728.51,144.31,99.33,85.60,0.8079,-1,-1,-1
54,24,935.76,289.46,102.21,89.01,0.7914,-1,-1,-1
54,16,1056.84,474.32,105.06,88.02,0.9255,-1,-1,-1
54,6,1265.15,115.47,103.34,90.19,0.7294,-1,-1,-1
54,25,1498.72,249.69,106.18,83.77,0.7989,-1,-1,-1
55,17,208.25,171.14,100.54,86.00,0.7885,-1,-1,-1
55,18,605.95,463.61,101.86,87.84,0.7082,-1,-1,-1
55,24,958.26,323.77,105.88,87.49,0.7873,-1,-1,-1
55,16,1085.44,440.82,102.80,87.63,0.9542,-1,-1,-1
55,6,1325.68,132.02,103.02,88.14,0.8773,-1,-1,-1
55,25,1549.71,301.03,101.44,85.92,0.7184,-1,-1,-1
56,17,282.27,127.30,102.61,85.48,0.9268,-1,-1,-1
56,1,328.39,256.88,104.07,86.46,0.8530,-1,-1,-1
56,18,565.35,495.49,101.88,85.68,0.9463,-1,-1,-1
56,21,694.38,186.76,106.20,87.23,0.9139,-1,-1,-1
56,24,1025.74,266.00,101.10,87.47,0.8212,-1,-1,-1
56,16,1138.37,383.78,97.66,84.07,0.7825,-1,-1,-1
56,6,1257.53,156.57,102.77,86.28,0.8888,-1,-1,-1
56,25,1483.22,259.02,104.34,93.05,0.8994,-1,-1,-1
57,17,233.10,117.28,99.28,88.12,0.9655,-1,-1,-1
57,1,326.64,304.29,102.76,84.63,0.7596,-1,-1,-1
57,18,461.41,512.06,100.10,91.43,0.7049,-1,-1,-1
57,21,781.57,147.66,100.54,87.38,0.9781,-1,-1,-1
57,16,1148.89,448.44,105.28,82.10,0.7834,-1,-1,-1
57,26,1326.92,240.60,99.83,84.78,0.8193,-1,-1,-1
58,17,127.68,139.21,102.16,85.58,0.7475,-1,-1,-1
58,18,593.71,399.00,105.71,92.93,0.9769,-1,-1,-1
58,21,756.03,143.22,97.88,87.24,0.9812,-1,-1,-1
58,24,866.30,253.59,96.36,83.29,0.9602,-1,-1,-1
58,16,1066.78,426.95,100.73,86.90,0.7644,-1,-1,-1
58,26,1353.63,124.85,101.03,88.44,0.8715,-1,-1,-1
58,25,1488.69,277.73,100.36,82.22,0.8704,-1,-1,-1
59,1,343.47,271.14,99.56,82.91,0.8336,-1,-1,-1
59,18,533.89,410.70,103.35,85.91,0.9559,-1,-1,-1
59,21,732.46,120.87,103.59,87.33,0.7277,-1,-1,-1
59,24,965.63,281.21,101.66,84.98,0.7891,-1,-1,-1
59,16,1152.11,384.99,104.56,84.07,0.7202,-1,-1,-1
59,26,1328.79,149.78,103.92,83.83,0.8543,-1,-1,-1
59,25,1460.11,295.14,104.61,84.95,0.8089,-1,-1,-1
60,17,95.91,186.98,102.90,83.54,0.7925,-1,-1,-1
60,1,298.52,337.18,101.29,87.50,0.9656,-1,-1,-1
60,18,444.22,474.02,100.87,86.14,0.8603,-1,-1,-1
60,21,723.17,186.94,104.73,88.09,0.8355,-1,-1,-1
60,24,764.56,244.15,100.92,88.89,0.7133,-1,-1,-1
60,16,1170.80,413.66,102.45,85.27,0.8139,-1,-1,-1
60,26,1208.42,103.54,98.14,84.34,0.9898,-1,-1,-1
60,25,1403.75,313.66,101.21,87.74,0.7392,-1,-1,-1
61,17,155.42,146.70,102.21,86.59,0.8819,-1,-1,-1
61,18,539.33,471.50,104.64,87.21,0.8736,-1,-1,-1
61,21,817.39,167.89,102.71,83.98,0.8779,-1,-1,-1
61,24,960.63,340.05,101.45,86.21,0.9506,-1,-1,-1
61,16,1022.46,453.43,97.41,84.94,0.7020,-1,-1,-1
61,26,1200.56,141.50,104.07,84.34,0.7961,-1,-1,-1
62,17,121.68,216.12,104.73,87.42,0.7749,-1,-1,-1
62,18,644.09,415.51,102.30,82.67,0.7617,-1,-1,-1
62,21,702.47,98.65,101.68,88.41,0.8657,-1,-1,-1
62,24,899.78,240.76,102.36,85.27,0.7859,-1,-1,-1
62,16,1135.76,475.10,98.30,90.89,0.8223,-1,-1,-1
62,26,1320.60,106.37,104.99,89.10,0.8040,-1,-1,-1
62,25,1476.52,362.43,99.02,89.46,0.7384,-1,-1,-1
63,17,160.62,180.78,104.49,86.96,0.7073,-1,-1,-1
63,1,436.61,289.76,98.75,87.94,0.9408,-1,-1,-1
63,18,458.11,518.24,98.34,82.15,0.9112,-1,-1,-1
63,21,735.50,107.59,99.89,84.33,0.8207,-1,-1,-1
63,24,1022.62,273.89,104.55,87.50,0.8033,-1,-1,-1
63,16,1173.03,432.87,102.13,87.40,0.9302,-1,-1,-1
63,26,1362.00,142.06,101.96,86.37,0.7799,-1,-1,-1
63,25,1496.15,370.61,106.74,87.14,0.8194,-1,-1,-1
63,27,629.28,487.26,117.52,172.79,0.7605,-1,-1,-1
64,1,448.71,314.96,102.73,82.09,0.8191,-1,-1,-1
64,18,545.37,373.49,100.99,87.06,0.8793,-1,-1,-1
64,21,665.32,177.76,97.14,91.40,0.9183,-1,-1,-1
64,24,862.81,316.42,101.80,85.93,0.7538,-1,-1,-1
64,16,1197.14,452.19,102.53,83.05,0.7918,-1,-1,-1
64,26,1369.46,169.82,108.77,80.22,0.8665,-1,-1,-1
65,17,269.64,158.31,103.62,86.91,0.9363,-1,-1,-1
65,28,344.51,273.99,104.18,81.52,0.7890,-1,-1,-1
65,18,452.93,415.73,101.91,86.25,0.8486,-1,-1,-1
65,21,635.87,181.47,100.90,86.57,0.8985,-1,-1,-1
65,24,962.04,263.54,103.62,83.32,0.8332,-1,-1,-1
65,16,1192.21,427.96,100.53,88.10,0.8603,-1,-1,-1
65,26,1386.86,112.89,97.65,84.46,0.8852,-1,-1,-1
65,25,1487.64,253.52,101.05,84.46,0.8274,-1,-1,-1
66,17,237.83,126.20,96.78,86.99,0.8448,-1,-1,-1
66,28,340.99,254.46,102.48,85.02,0.9652,-1,-1,-1
66,18,612.36,425.65,101.61,86.54,0.8451,-1,-1,-1
66,21,697.79,170.01,103.09,82.62,0.7784,-1,-1,-1
66,24,903.52,296.04,99.33,89.53,0.8363,-1,-1,-1
66,29,1094.34,460.74,105.70,85.37,0.7380,-1,-1,-1
66,26,1318.86,211.67,99.31,91.00,0.7721,-1,-1,-1
66,25,1491.57,300.40,102.51,81.40,0.9592,-1,-1,-1
67,17,97.16,176.13,104.29,92.10,0.8195,-1,-1,-1
67,28,339.61,315.49,103.07,87.96,0.9148,-1,-1,-1
67,18,477.04,472.61,98.01,85.77,0.9063,-1,-1,-1
67,21,688.06,142.87,101.41,84.47,0.9445,-1,-1,-1
67,24,939.91,314.94,103.10,88.38,0.7120,-1,-1,-1
67,29,1149.68,439.33,102.02,88.02,0.8810,-1,-1,-1
67,26,1280.01,164.44,101.67,83.50,0.7392,-1,-1,-1
67,25,1431.17,312.35,99.48,87.10,0.9732,-1,-1,-1
68,28,458.29,266.35,102.63,89.27,0.8340,-1,-1,-1
68,18,584.33,414.23,97.49,85.30,0.9108,-1,-1,-1
68,21,857.61,158.45,103.29,81.59,0.9089,-1,-1,-1
68,24,817.72,306.43,99.19,88.03,0.7351,-1,-1,-1
68,29,1178.72,405.08,101.91,82.82,0.9836,-1,-1,-1
68,26,1340.58,141.44,101.84,90.20,0.8934,-1,-1,-1
68,25,1528.44,301.01,105.72,86.82,0.8793,-1,-1,-1
69,17,69.96,142.41,107.07,85.56,0.9630,-1,-1,-1
69,28,372.94,254.67,101.51,86.03,0.9096,-1,-1,-1
69,18,570.13,445.09,100.91,88.37,0.9707,-1,-1,-1
69,21,634.60,96.19,101.46,85.19,0.8640,-1,-1,-1
69,24,853.20,254.98,105.35,91.74,0.7332,-1,-1,-1
69,29,1179.58,458.13,102.88,89.48,0.7711,-1,-1,-1
69,26,1253.88,150.41,101.62,85.77,0.9467,-1,-1,-1
69,25,1609.87,297.58,105.99,91.19,0.9495,-1,-1,-1
70,17,37.23,137.14,97.00,86.95,0.7759,-1,-1,-1
70,28,342.25,278.29,106.52,88.50,0.9331,-1,-1,-1
70,18,509.78,421.69,104.64,86.22,0.9692,-1,-1,-1
70,21,693.22,130.13,103.10,83.83,0.9835,-1,-1,-1
70,24,817.03,322.97,98.60,84.36,0.9112,-1,-1,-1
70,29,1044.15,439.73,100.05,88.24,0.7862,-1,-1,-1
70,26,1252.84,164.88,107.04,88.19,0.9118,-1,-1,-1
70,25,1455.28,358.25,106.36,87.13,0.7392,-1,-1,-1
71,17,142.87,188.15,103.52,89.56,0.9585,-1,-1,-1
71,28,172.33,314.68,100.44,88.13,0.9833,-1,-1,-1
71,18,518.10,366.48,100.50,80.38,0.9686,-1,-1,-1
71,21,652.15,148.12,102.58,84.33,0.7408,-1,-1,-1
71,29,1004.16,376.18,107.39,83.54,0.7207,-1,-1,-1
71,26,1315.83,140.15,103.94,90.12,0.7972,-1,-1,-1
71,25,1507.48,351.68,100.51,80.95,0.7545,-1,-1,-1
72,17,238.59,206.40,102.80,81.69,0.9526,-1,-1,-1
72,28,317.91,272.50,100.25,87.23,0.7870,-1,-1,-1
72,18,460.86,477.17,103.63,88.06,0.9615,-1,-1,-1
72,21,662.95,101.39,106.42,85.13,0.7403,-1,-1,-1
72,24,914.52,236.51,100.94,90.64,0.8627,-1,-1,-1
72,29,1055.36,453.34,107.23,85.21,0.9633,-1,-1,-1
72,26,1202.03,177.95,103.30,87.62,0.8161,-1,-1,-1
72,25,1540.56,273.71,101.85,87.12,0.8372,-1,-1,-1
73,17,145.74,183.85,100.60,81.68,0.7781,-1,-1,-1
73,28,285.43,342.73,103.21,83.55,0.7550,-1,-1,-1
73,18,465.20,414.23,101.84,81.57,0.7605,-1,-1,-1
73,21,778.94,156.28,103.17,89.98,0.8401,-1,-1,-1
73,24,888.96,225.55,97.62,84.27,0.9215,-1,-1,-1
73,29,1056.07,422.19,106.59,81.24,0.8407,-1,-1,-1
73,26,1322.85,183.61,98.33,89.16,0.8878,-1,-1,-1
73,25,1425.75,319.85,98.89,88.71,0.7253,-1,-1,-1
74,17,237.46,132.01,101.16,86.85,0.8069,-1,-1,-1
74,28,327.06,297.98,102.01,85.97,0.8145,-1,-1,-1
74,18,585.03,412.16,100.13,92.62,0.9265,-1,-1,-1
74,21,679.33,142.94,101.46,81.16,0.7913,-1,-1,-1
74,24,916.99,298.36,101.36,86.58,0.8612,-1,-1,-1
74,29,1123.61,500.66,104.39,87.05,0.8657,-1,-1,-1
74,26,1277.02,112.29,105.23,82.12,0.8489,-1,-1,-1
74,25,1407.62,302.76,101.99,83.86,0.9707,-1,-1,-1
75,17,90.27,135.62,103.70,84.38,0.7402,-1,-1,-1
75,28,202.33,384.75,101.79,87.46,0.7900,-1,-1,-1
75,18,613.95,451.24,103.93,82.00,0.8837,-1,-1,-1
75,21,682.95,97.16,100.41,84.28,0.7962,-1,-1,-1
75,24,968.12,244.78,99.34,83.44,0.8696,-1,-1,-1
75,29,1111.99,432.92,100.29,87.20,0.7009,-1,-1,-1
75,26,1272.82,141.73,101.51,87.60,0.9351,-1,-1,-1
75,25,1431.01,272.05,104.17,85.41,0.9480,-1,-1,-1
76,17,144.83,143.23,101.21,88.09,0.7021,-1,-1,-1
76,28,319.10,264.95,99.43,83.84,0.9330,-1,-1,-1
76,21,753.04,113.37,105.31,86.39,0.8285,-1,-1,-1
76,24,940.89,243.07,104.76,85.85,0.7353,-1,-1,-1
76,29,1189.89,451.82,104.27,85.71,0.7798,-1,-1,-1
76,26,1340.95,177.66,104.29,85.31,0.9673,-1,-1,-1
76,25,1486.43,318.63,103.31,86.54,0.7708,-1,-1,-1
77,17,88.96,164.50,100.32,85.47,0.9094,-1,-1,-1
77,28,378.30,286.00,98.02,89.19,0.7863,-1,-1,-1
77,21,706.91,144.17,100.08,84.80,0.8404,-1,-1,-1
77,24,895.45,301.42,98.44,84.53,0.7958,-1,-1,-1
77,29,1097.93,496.59,96.51,88.15,0.7252,-1,-1,-1
77,26,1347.70,163.04,103.34,89.71,0.9850,-1,-1,-1
77,25,1565.31,327.54,102.79,89.71,0.9023,-1,-1,-1
78,17,153.12,141.08,106.38,89.82,0.8659,-1,-1,-1
78,28,382.44,303.32,100.87,83.41,0.9786,-1,-1,-1
78,18,485.22,402.86,99.41,89.58,0.7151,-1,-1,-1
78,21,780.20,205.85,105.46,84.39,0.7557,-1,-1,-1
78,24,933.50,300.54,102.24,90.65,0.7517,-1,-1,-1
78,29,1155.25,405.59,99.68,84.82,0.7345,-1,-1,-1
78,26,1222.41,156.73,101.03,83.97,0.7113,-1,-1,-1
78,25,1561.90,220.25,98.43,88.34,0.7297,-1,-1,-1
79,28,325.64,325.74,99.45,87.28,0.8189,-1,-1,-1
79,18,521.08,396.93,103.33,84.38,0.8664,-1,-1,-1
79,21,800.91,143.15,100.76,92.05,0.8566,-1,-1,-1
79,24,962.45,381.48,103.70,87.84,0.9064,-1,-1,-1
79,29,1093.36,443.29,105.39,81.60,0.7939,-1,-1,-1
79,26,1399.82,153.45,103.37,88.63,0.8598,-1,-1,-1
79,25,1615.65,278.91,96.64,84.31,0.9788,-1,-1,-1
80,17,159.31,175.55,106.19,83.61,0.8058,-1,-1,-1
80,28,371.06,263.77,100.40,78.67,0.8151,-1,-1,-1
80,18,467.68,412.78,101.28,89.23,0.7368,-1,-1,-1
80,21,755.25,85.03,101.04,87.04,0.8340,-1,-1,-1
80,24,855.95,272.58,103.15,84.90,0.9281,-1,-1,-1
80,29,1089.92,435.65,106.22,87.23,0.9019,-1,-1,-1
80,26,1347.66,127.47,100.31,89.21,0.7584,-1,-1,-1
80,25,1507.44,247.41,101.28,89.23,0.9805,-1,-1,-1
81,28,202.82,230.05,102.80,82.27,0.7627,-1,-1,-1
81,18,480.75,412.65,98.19,82.72,0.8118,-1,-1,-1
81,21,622.48,111.90,107.53,91.96,0.7354,-1,-1,-1
81,24,963.70,276.46,98.48,83.89,0.7192,-1,-1,-1
81,29,1098.88,446.63,95.37,87.14,0.8825,-1,-1,-1
81,26,1329.22,210.17,103.56,86.54,0.9236,-1,-1,-1
81,25,1610.89,232.67,100.52,87.45,0.7139,-1,-1,-1
82,17,149.02,97.79,98.96,89.82,0.7609,-1,-1,-1
82,28,338.34,278.15,101.29,84.71,0.9569,-1,-1,-1
82,18,491.30,359.33,105.26,92.78,0.9512,-1,-1,-1
82,21,732.01,132.49,100.89,89.80,0.9613,-1,-1,-1
82,24,922.93,281.37,98.84,83.86,0.7563,-1,-1,-1
82,29,1014.23,458.97,104.18,88.13,0.8159,-1,-1,-1
82,26,1302.62,133.34,103.58,85.53,0.7657,-1,-1,-1
82,25,1533.13,282.66,102.01,84.12,0.9315,-1,-1,-1
83,17,214.17,134.60,107.09,87.35,0.9252,-1,-1,-1
83,28,417.42,253.50,103.19,88.90,0.7222,-1,-1,-1
83,18,501.33,435.23,102.10,87.48,0.8948,-1,-1,-1
83,21,682.42,161.36,104.65,90.72,0.8916,-1,-1,-1
83,24,930.80,304.42,107.06,84.95,0.9838,-1,-1,-1
83,29,1186.16,433.28,97.91,88.57,0.7122,-1,-1,-1
83,26,1318.06,66.86,101.09,87.03,0.8285,-1,-1,-1
83,25,1460.35,213.74,105.59,87.68,0.8093,-1,-1,-1
84,17,274.65,132.23,104.71,88.04,0.8159,-1,-1,-1
84,28,413.46,262.03,106.06,86.34,0.9349,-1,-1,-1
84,18,645.85,446.23,105.08,84.60,0.8774,-1,-1,-1
84,21,735.53,193.57,99.55,83.94,0.7309,-1,-1,-1
84,24,899.44,281.00,102.73,85.76,0.7177,-1,-1,-1
84,30,1063.03,421.20,105.29,87.99,0.7059,-1,-1,-1
84,26,1345.09,116.38,103.90,88.48,0.7574,-1,-1,-1
84,25,1472.86,254.20,103.42,91.47,0.9221,-1,-1,-1
85,17,145.95,152.20,105.74,87.11,0.7805,-1,-1,-1
85,28,372.43,235.39,105.02,89.86,0.8881,-1,-1,-1
85,18,552.79,455.85,102.74,86.46,0.8494,-1,-1,-1
85,24,873.95,329.92,106.79,87.06,0.7084,-1,-1,-1
85,30,1138.63,462.12,106.31,83.88,0.9342,-1,-1,-1
85,26,1351.71,138.06,106.92,87.03,0.7715,-1,-1,-1
85,25,1475.86,241.24,105.05,87.09,0.7666,-1,-1,-1
86,17,154.09,172.24,99.70,86.79,0.8154,-1,-1,-1
86,28,288.95,253.84,102.50,84.74,0.8673,-1,-1,-1
86,18,503.41,446.45,100.00,81.74,0.7040,-1,-1,-1
86,21,734.50,197.39,100.00,84.33,0.9603,-1,-1,-1
86,24,963.53,374.97,102.07,84.32,0.8930,-1,-1,-1
86,30,1129.62,409.85,103.55,86.17,0.9104,-1,-1,-1
86,26,1261.30,111.16,102.54,91.37,0.7490,-1,-1,-1
86,25,1582.27,255.83,101.24,84.89,0.7158,-1,-1,-1
87,17,76.71,157.10,99.75,87.05,0.7105,-1,-1,-1
87,28,410.05,281.21,105.77,83.20,0.7461,-1,-1,-1
87,18,568.09,431.30,98.55,80.85,0.9768,-1,-1,-1
87,21,859.83,174.53,102.71,84.05,0.7384,-1,-1,-1
87,24,890.28,284.12,99.20,85.75,0.8230,-1,-1,-1
87,30,1095.74,437.38,101.94,88.24,0.9705,-1,-1,-1
87,26,1362.23,96.72,102.22,90.07,0.7587,-1,-1,-1
87,25,1525.39,223.59,101.22,91.73,0.8234,-1,-1,-1
88,17,255.71,139.98,106.66,87.94,0.7345,-1,-1,-1
88,28,344.85,244.07,99.18,85.61,0.7275,-1,-1,-1
88,18,481.84,445.33,99.60,85.06,0.7868,-1,-1,-1
88,21,765.41,133.69,97.03,83.67,0.9062,-1,-1,-1
88,24,1065.63,295.18,105.60,90.35,0.7128,-1,-1,-1
88,30,1097.49,395.35,100.90,85.65,0.8715,-1,-1,-1
88,26,1250.99,164.59,104.76,86.89,0.9421,-1,-1,-1
88,25,1503.93,282.12,101.89,87.24,0.7175,-1,-1,-1
89,17,187.69,114.27,101.63,86.29,0.8582,-1,-1,-1
89,28,405.62,320.35,102.44,87.07,0.8296,-1,-1,-1
89,18,460.54,432.06,102.49,83.57,0.7001,-1,-1,-1
89,24,945.23,264.31,100.91,85.63,0.9831,-1,-1,-1
89,30,1128.09,414.61,103.34,84.74,0.9587,-1,-1,-1
89,26,1382.53,135.09,100.34,88.37,0.7763,-1,-1,-1
89,25,1519.09,344.85,105.06,85.33,0.9221,-1,-1,-1
90,17,129.46,175.11,103.70,86.75,0.7886,-1,-1,-1
90,28,380.34,318.49,101.12,85.24,0.7937,-1,-1,-1
90,18,519.88,400.99,104.80,86.00,0.9462,-1,-1,-1
90,21,681.34,165.14,100.80,87.01,0.9470,-1,-1,-1
90,24,801.80,280.78,105.24,85.64,0.8719,-1,-1,-1
90,30,1131.64,451.74,99.15,85.87,0.7893,-1,-1,-1
90,26,1315.96,143.33,102.24,85.61,0.9339,-1,-1,-1
90,25,1448.51,300.02,102.40,85.17,0.8947,-1,-1,-1
91,17,214.69,147.03,102.57,86.80,0.9209,-1,-1,-1
91,28,445.99,286.41,100.90,85.18,0.9826,-1,-1,-1
91,21,704.03,189.21,100.96,84.25,0.9034,-1,-1,-1
91,24,869.49,342.44,101.26,87.90,0.8532,-1,-1,-1
91,30,1166.09,434.41,102.08,87.41,0.8738,-1,-1,-1
91,26,1346.81,144.07,100.92,89.05,0.7207,-1,-1,-1
91,25,1521.32,293.87,102.51,84.87,0.7396,-1,-1,-1
92,17,153.82,122.61,98.56,87.97,0.8917,-1,-1,-1
92,28,275.77,257.81,104.61,85.15,0.8538,-1,-1,-1
92,18,493.61,421.84,98.15,87.49,0.9532,-1,-1,-1
92,21,690.37,179.41,99.10,86.33,0.9667,-1,-1,-1
92,24,823.83,229.89,105.41,86.24,0.7839,-1,-1,-1
92,30,1168.83,417.97,98.72,81.92,0.9817,-1,-1,-1
92,26,1289.63,53.30,103.20,85.30,0.8397,-1,-1,-1
92,25,1607.87,336.42,100.69,88.13,0.8813,-1,-1,-1
92,31,242.64,650.48,83.64,146.72,0.7259,-1,-1,-1
93,17,89.37,122.56,103.50,85.79,0.7749,-1,-1,-1
93,28,214.20,309.75,100.74,83.57,0.8515,-1,-1,-1
93,18,508.75,484.60,102.54,89.49,0.8739,-1,-1,-1
93,21,768.21,132.01,97.92,89.29,0.7406,-1,-1,-1
93,24,838.92,287.40,104.87,88.11,0.9050,-1,-1,-1
93,30,1121.26,424.25,98.65,89.55,0.7464,-1,-1,-1
93,26,1151.91,98.93,101.29,87.46,0.9702,-1,-1,-1
93,25,1467.28,315.58,103.62,84.72,0.7117,-1,-1,-1
94,17,236.80,145.97,103.68,90.18,0.8142,-1,-1,-1
94,28,334.88,327.36,104.48,88.74,0.7150,-1,-1,-1
94,18,540.64,472.76,104.34,86.89,0.8758,-1,-1,-1
94,24,896.84,262.62,101.66,84.96,0.7912,-1,-1,-1
94,30,1142.80,465.80,106.18,84.31,0.8811,-1,-1,-1
94,26,1391.15,101.94,99.18,85.47,0.9152,-1,-1,-1
94,25,1552.98,340.29,102.09,84.75,0.7094,-1,-1,-1
95,17,124.08,124.22,102.40,87.82,0.7381,-1,-1,-1
95,18,542.49,440.88,101.50,88.59,0.7588,-1,-1,-1
95,21,780.37,126.88,100.58,90.20,0.9249,-1,-1,-1
95,24,875.19,312.32,106.90,83.82,0.7837,-1,-1,-1
95,30,1094.24,543.28,100.23,90.25,0.7265,-1,-1,-1
95,26,1346.58,138.17,101.70,85.65,0.9745,-1,-1,-1
95,32,1496.32,246.92,102.74,87.96,0.9145,-1,-1,-1
96,17,110.28,118.92,103.88,84.22,0.7731,-1,-1,-1
96,28,307.33,267.08,105.18,85.14,0.7250,-1,-1,-1
96,18,569.55,416.12,98.26,81.20,0.7231,-1,-1,-1
96,21,793.48,70.68,102.36,85.54,0.7543,-1,-1,-1
96,24,901.13,310.16,102.26,83.96,0.7161,-1,-1,-1
96,30,1089.88,383.88,100.70,84.38,0.8313,-1,-1,-1
96,26,1343.39,150.05,102.74,79.14,0.7633,-1,-1,-1
96,32,1433.43,324.78,99.71,83.71,0.9832,-1,-1,-1
97,17,201.11,159.09,100.08,83.87,0.9860,-1,-1,-1
97,28,335.01,341.04,105.79,87.65,0.7889,-1,-1,-1
97,18,561.84,372.50,99.33,85.78,0.8919,-1,-1,-1
97,21,760.31,186.77,105.26,84.50,0.7119,-1,-1,-1
97,24,962.82,280.63,102.53,85.08,0.7524,-1,-1,-1
97,30,1163.44,437.62,100.60,89.95,0.8003,-1,-1,-1
97,26,1318.63,113.67,104.69,87.61,0.8034,-1,-1,-1
97,32,1387.60,339.53,102.45,87.93,0.7316,-1,-1,-1
97,33,551.81,451.74,92.12,87.82,0.5870,-1,-1,-1
98,17,238.96,153.62,108.44,84.89,0.9543,-1,-1,-1
98,28,446.91,261.33,105.29,92.72,0.8846,-1,-1,-1
98,18,439.70,382.93,100.20,87.80,0.7307,-1,-1,-1
98,21,778.65,105.41,103.07,81.50,0.9146,-1,-1,-1
98,24,1039.30,252.98,103.66,84.90,0.7856,-1,-1,-1
98,26,1310.10,138.83,101.62,82.66,0.9507,-1,-1,-1
98,32,1458.96,308.95,102.78,87.79,0.8924,-1,-1,-1
99,17,237.44,162.26,104.55,84.40,0.8361,-1,-1,-1
99,28,373.49,327.73,109.23,89.16,0.8461,-1,-1,-1
99,18,490.90,444.34,104.12,91.30,0.7638,-1,-1,-1
99,21,699.56,126.24,102.58,84.02,0.9422,-1,-1,-1
99,24,992.83,275.18,102.12,82.99,0.9897,-1,-1,-1
99,30,1113.84,349.80,100.52,87.89,0.8665,-1,-1,-1
99,26,1358.79,187.17,100.05,85.98,0.9207,-1,-1,-1
99,32,1541.36,286.26,101.59,86.06,0.8295,-1,-1,-1
100,17,176.75,192.14,103.78,83.90,0.9322,-1,-1,-1
100,28,379.22,307.16,104.01,88.25,0.8700,-1,-1,-1
100,18,485.17,448.72,105.47,86.25,0.7473,-1,-1,-1
100,21,758.27,158.39,99.53,85.30,0.7477,-1,-1,-1
100,24,831.47,246.74,104.71,87.81,0.9326,-1,-1,-1
100,34,1064.54,356.97,98.22,86.99,0.9818,-1,-1,-1
100,26,1323.11,166.35,101.43,85.15,0.8444,-1,-1,-1